$ANSIBLE_VAULT;1.1;AES256
35623936393862343366653934653366623462656264346432656339663738376534353561636535
3931393862363432303737356363343932363936333931610a323735343334393733333733393131
39323137636262333538373838383463353737333061356530383334646538313339303135643366
3363633533393765640a636265333031313930653262636165616535336161366632653561633336
35353962613738323339646638323134356361333533626463613661353061343835366337626239
38353538353234366463316232646635613835656339363736316437306433646133663562626162
65356565313164386665346237373261316164373435323233373966363864653961316436383330
32376136623639343063373363383337646638393764303932396537663862313636356163363964
34613634326138383162633661653433316330346238353838333265356638663163626166326633
62643833376439353962346466343535666361643037613164353238383665623261386239653932
38663532393039313534666131643332636533643966376233393262653530646564656237623665
34383065353666333034336336333834303861353133386266333163356434623635626634363836
63376635393634666438306265333135656131643535623236326230353561303830666632343031
35326465373233393262616335613962616336353636366139333238623034383362613833316338
36356331663362393134666463663163306138393166653738396436613335623766636535613330
66666337646439306437306530323264366164616339376530316136613639613136346235623230
30326537343263633333386234653438663538353231303161353935646531646536373038313761
34313034643432666263663361643164313331363330323536323033393036396662376562626638
32323164366361323233636565663361303332653833306137383636336662393633383262613939
37636331616366383435363239346433396334306566383161356337636632373633363562643035
6537
