$ANSIBLE_VAULT;1.1;AES256
32653461653661666266316239653635636464353264366264653734366638636162633333343432
3566316637353933316531653061366534636365386138340a626130346261363265653963653536
39633338623963633830373566626662666566396233366666393464346137626231363966663632
3734663465373465620a626165366366643362353234666662633334646265323362643438636430
61343064383436343530623034613937643339366362643465643331356365336338353866383139
38373435633463363365333764653338336139363366363239613633383163396235613033306638
34336433626339643464346262653561306632396232316364656330343462376536616262376164
38613664623438623937633536373431663534623230643065343432316234383136663163633232
62626232646263626363306461666237336436646464323535346165356639393866653630396435
63306436363837303138343230633838656461383438633065326432333336393131643563666633
38363165613961646366643636376439376161613836636163666566366662353362343537353064
30303939663362336536303032346134313031333966643133613765356561313266663165313765
34656630373931356338376430353362633534646232656438353962326632643364366237646638
64373763613531303765313231363238383530363464303361313435303466323465396464313063
65316231653239656363636163393135376364663163313266303834623263373635393432613934
64353037633638333734613265383561363031393830623635613139326538353433343362333532
38336631666136396537336536383066613338396565656637363663376337343663626339346237
31623533366633623838653839613038613465646165333735653534623435343864313233356539
66646138353736626266646264343164396438643235626661626639306165303233633234336130
64666533613935346331343066313463633632643036313831333330373030396431383761336534
37643866336663373535356231636137396531303264303930663265656339643434616330303738
35633036633532363533386165326130393861383866626639366333343264393232663336643664
30326434393665383464303365343237303038646232343831353762313431653839616266623931
65313835376535646432666436643337386539633234373636626639333435613563323730313330
32613934386139303862353636633631313731613065653039303433343833346335313565323861
36336534383039393162623932363963616632323966386336336163316438643561326537393462
32313663336538326339666132326363336332303738663865356665336233393631623838643939
65636130316637346164313433393136303435666536356137633035306539336162343363333862
62636239356461626563333333396431303665393032393663326530353339316361663831616537
32323939613031636239633361346637633233353237323431386239333832386431323661356139
34396162303463306366316363623162336239663165373033626362626363373939656539323235
64306134316636343064633761636661666566323639633335343635616665373538393833363039
30393736633935366161313864323965633530323331353230643665373338396562346365316135
30393032646539663234363365356334626465653132666334383338363265316433663130393636
34666531313462306432326538383234623663346531383332613065366432313232393038386364
65623262383662386635393962336163646330393132323031393230663931356465393532653463
34343330633062383162363335346539613531323835613031303139373561613234313630373836
37316539393539343161663063373662343137343231393933376664333162313738623065303861
39616465303764373666393263643639336664386234343038663137353038346665646563316434
65656565653364346430316663613431313938613563343861383332663766303432323132356434
62643531626166656266383631326238353238653662313966356263356334666534623936323064
37386466643335633262623237316561613631393662613035313434653131663863323639646237
37636630356633636434343062323539623066633039313631396364613066663935653338343636
35353964326334326636656130323132623538353962356336313565373831633463333363316133
35353037643566393564333863316565373937643739633439656438633561616366643436626636
38346130643931653732386531383263623838313262346337333339363133356538343165373833
34636634373562323337393337366435303434303462323261666362333636363638386563613862
62666265323630353832303163343463353035333464666565653261303835306166656333393766
66643733363437383731613366343437373165613134633538653761316538653064313938303135
62663937366635613831303934636139373735656163323461363064366431363463333831363566
62343034353563316137643262376638383639343638386263386661356232366334306563653131
36333939663463386164
