$ANSIBLE_VAULT;1.1;AES256
33663762633461313163616338646331656361313537366463393430666338313930373830643530
3835336431316230393336646231613932366161303461300a666236336164626230383037323962
36363364633562343665653566666631613236616632656566383463313732656333376265383833
3061313864306462390a656464303931386632643766343236386565343031373463616161313638
31656165373161363331343162386461363936623036646266653634643264316134326236366233
35353261643337333465633438616134623262353236313435346138326162623638393034333638
30656438626463663730336637323437633031336639393837666566653538353764323633346430
37306538646232373039343734336166313837383364623636353332653336393438616134326535
31356561656639393738383763343335336661633635636264646235656539663033393038366338
34396632373463656333323331303733623964366432306364613230613666326237623437363161
36343532363931643430626532656335393264393262663163383864363466653438333234373963
37643337363836323534303661616332653134333062383534623461353839356566383335663238
31333131656665303263633761653966373935633331386632373266363334626433386665343739
3335393535396433616530393337326437626438633231393638
