$ANSIBLE_VAULT;1.1;AES256
66656162363339353439306533383338363466656633326665643539353236313039353539306165
3461313466353935373231616634666361343864303561610a646166656431643833656137663237
32663134393432633862353838373431303633393334643034346630336161643337326136393361
6332663966303536310a316634663738343537633032386462346430623337626538306539353563
39353563633666376332353731316630656564646461346333343966626461366634613735646336
61653763303565626464373930356133666636646561393731653861356433613430306638636433
32353364653230613166633738346437306236643538353938343735666565323831373131666538
61643162663032353831386137616238316537323531613965653738336636363635386665376632
35623332313435303637373432306332386335633831653066623363613339663165616339633964
63653031393437303531623434373738323538633535323664373463616635343362396233656635
63663734333134373731383065363737666434356139666133356538663361333335316561313237
30326234323539636265616663353262363139313164353136303734613330373963386363653565
66336337643431333466393762326130373337646234313362653332363835343164323731626634
31323265653638633532303937623237643939633239613335626232383831383133656637663137
63356363343139393961656432363466643030323761613330613461363535653631323665376330
30616163623364376136363438623464323363336236396333373839636537343233363866666531
64323135326238336164646434343034336138323365636230643436346338613966
