$ANSIBLE_VAULT;1.1;AES256
38306335393732396566623862313339323765363935623836303961393337396164636633353964
3433333266366434383563656436656463313665636336350a393865366333626263346465663135
61383433653161666362363764383636346339313036396266323966353362333761343235373261
3665376363383966610a393035366365626230356538333033663533633939323735303463626634
32636239336264326462333766313862303032306465373439636264666534303163343830336162
65363732393263353938323533386133663135653766623164393037653664303836646665623131
66363634613831356666396230343038646263636231323637353665353639353665343831373063
36323665363163363365383434306564313661366235313738393938343031656336636539393064
33353664336133313664343961383363353038396336303064666530346264366237613130323735
61633065356431626466366165643164323333613565343865613066313066386231633236336363
35613838343235623638396231343466343639396662353731633163386639343666356136623261
63373734313966303530333931643833626266356163653335323530343863363761336464313962
62653032626635653765326337356363356234353235373161373563393037323962656530396266
37613330303635626663653437363330346135396433363937366533646566363462623639663265
63623539393561316364616165653736323337386538303862613632656165356361653461623263
63396539316165346664356435343566646435616330343666383466663538653161376162366236
39316331306235373365316137383966646361356264376565306234386263396264376534306166
3431613363636564363164323665653561646337643734643562
