$ANSIBLE_VAULT;1.1;AES256
33666361373461353936633165346135343162353238623039393838323136316133356131383237
3366633063383839626430633163613461613739346161370a353930636162616332616563306332
61363465643237623432333162386231363334326330663231323638633838363935656532356662
3731373635656435300a336438356566333663383030373939653930356362343431306266323330
38663166663536376331353961363633386236626532383466353134383039353439616235323230
66623237396265333438333731303534373138396438663838313436383265653565386137653733
62313539306639353634623535616161323537623333366433346261613833616339303235643332
66623663313338633266373464373366316266353231633834616362323531333436623036323233
34316335373830303632353864653330626237333438363537663033303435393032656539333333
66623862343031386130383536653531303765343764333932343936643565626130313835343762
33653137646537393636653262383338306236616530383062333431323363303564633534383334
64326263633838326463303562343465333038383234626636666630336366643966353831663265
6164
