$ANSIBLE_VAULT;1.1;AES256
33383938646333643263326338316434353662613935623061303436343661643031343935343232
3136616162376138313664633366636265393636303864350a316265313565333764363033356362
30366261303434346638623731303135666132393761303565393864393630656166363962343531
3439366462333234650a626339373530363933333935636461636463383435343233383461626366
65376137333235643031623962373036336530643835313730353030616631333533306439373834
31306266643862373335643861383539326262316637613131323164373262656139386365613064
62663034613130623932363838386562336434643433643764393437393964303564373765616136
33613534323432316135316161306536656363653931663537383833356139386461353561313166
33353365303236643364643738626662663062393963363462363166366563363833666239613939
63333934366462353132613265616562313837653634343837623962656534626363393634303138
37363033373237616463626663613231376566343537313239373335313263633738636336316164
35383165616562663565666635353764626239343763633062316631346166323561636666653939
35346534616231383836333132313062343030343134643762323130316136316165616231396366
3663336637613134326339343664323238666530383431613539
